47
61
143
271
323
324
953
993
994
1001
1023
1024
1276
1301
1302
1407
1753
1775
2188
2189
2200
2225
2371
2373
2374
2375
2377
2379
2380
2408
2855
3001
3071
3097
3121
3300
3565
3566
3693
3737
3766
3841
3864
3868
3980
4078
4085
4087
4088
4120
4170
4171
4175
4176
4186
4187
4189
4190
4193
4194
4311
4312
4313
4314
4316
4317
4329
4330
4331
4332
4334
4335
4336
4360
4374
4391
4392
4393
4396
4407
4408
4409
4410
4411
4414
4415
4417
4419
4421
4422
4423
4427
4428
4429
4431
4433
4460
4485
4487
4553
4563
4570
4573
4590
4602
4603
4604
4605
4606
4703
4704
4731
4733
4756
4774
4786
4787
4788
4879
4880
4883
4888
4889
4901
4902
4912
4915
4953
4971
4984
4985
5015
5028
5030
5032
5033
5034
5045
5048
5054
5063
5068
5075
5086
5087
5103
5106
5107
5114
5115
5117
5134
5135
5146
5153
5156
5157
5161
5162
5163
5172
5194
5195
5196
5197
5209
5215
5221
5222
5228
5229
5230
5231
5232
5233
5242
5243
5253
5254
5269
5280
5281
5317
5318
5320
5321
5349
5445
5470
5471
5472
5473
5475
5507
5550
5557
5565
5566
5574
5575
5579
5586
5618
5635
5636
5637
5638
5639
5646
5666
5693
5696
5700
5705
5725
5726
5727
5780
5798
5820
5841
5842
5868
5993
5994
6068
6075
6076
6077
6084
6099
6113
6114
6115
6116
6117
6121
6130
6159
6267
6325
6326
6344
6379
6418
6432
6440
6442
6513
6556
6600
6601
6602
6624
6625
6632
6640
6655
6656
6665:6669
6687
6688
6690
6697
6704
6705
6706
6716
6777
6778
6789
6817
6900
6901
6970
7018
7026
7031
7073
7117
7123
7167
7168
7172
7173
7202
7215
7216
7228
7229
7234
7236
7237
7283
7471
7474
7478
7508
7509
7551
7563
7569
7630
7631
7672
7673
7683
7687
7690
7700
7701
7742
7775
7847
7869
7870
7871
7878
7981
7997
8004
8009
8015
8016
8042
8043
8044
8051
8066
8067
8070
8077
8084
8090
8091
8101
8102
8117
8140
8153
8162
8181
8183
8190
8191
8270
8293
8313
8404
8405
8415
8423
8432
8457
8470
8471
8502
8615
8665
8666
8688
8699
8710
8711
8750
8767
8768
8769
8778
8881
8908
8937
8953
8997
8998
9005
9008
9010
9050
9051
9083
9093
9107
9122
9123
9306
9310
9312
9339
9340
9345
9387
9388
9389
9390
9445
9559
9614
9616
9617
9630
9631
9640
9666
9877
9925
9954
9978
9979
9981
9988
10004
10005
10006
10010
10020
10055
10125
10129
10261
10321
10443
10548
10631
10809
10933
11103
11104
11105
11109
11110
11172
11173
11174
11175
11202
11235
11489
11623
11971
12010
12302
12546
12865
13823
13930
14143
14150
14500
15002
15999
16000
16001
16002
16020
16021
16162
16385
16619
16665
16789
17010
17184
17223
17555
17777
18104
18136
18242
18243
19020
19790
19998
20013
20057
20810
21010
21212
21213
21221
21553
22125
22128
22222
22351
22537
23053
23456
23457
23546
24323
24666
24754
25576
25604
26257
27010
27017
27876
28001
28010
28080
28589
29000
29118
29168
29999
30000
30100
30400
31020
31400
31685
32400
32811
33000
33060
33333
33890
35000
35002
35003
35005
35006
35354
35356
35357
36412
36422
36462
36524
36602
36700
37472
37483
37601
38000
38001
38412
38422
38462
38472
38638
38800
38865
39063
40404
41121
41796
41797
43191
44123
44444
44445
45001
45002
45045
45824
46336
46998
47001
48004
48005
48048
48049
48050
49000
49150
