47
61
270
994
1023
1024
1027
1276
1301
1302
2200
2378
3097
3980
4077
4084
4086
4173
4191
4341
4342
4361
4362
4366
4394
4412
4418
4441
4534
4557
4558
4592
4621
4726
4729
4732
4746
4747
4754
4755
4785
4789
4790
4791
4804
4878
4881
4882
4936
4937
4980
5014
5030
5031
5046
5047
5058
5078
5079
5092
5104
5105
5116
5136
5153
5246
5247
5350
5351
5364
5436
5437
5474
5682
5687
5784
5786
5787
5794
6080
6081
6082
6083
6118
6201
6363
6511
6633
6634
6635
6636
6657
6696
6699
6704
6705
6706
6784
6980
7040
7088
7095
7107
7181
7235
7420
7550
7701
7784
7802
7872
7998
8017
8060
8111
8149
8202
8211
8231
8232
8266
8384
8503
8609
8732
8805
8807
8808
8809
8981
9007
9011
9081
9277
9286
9522
9632
9878
9899
9903
9956
10023
10111
10253
10439
10500
10810
11108
11171
11430
11877
12009
14002
15118
15998
16003
16666
17222
17224
18516
19788
20012
23272
24322
24850
25954
25955
28119
29118
29168
30004
30832
31029
33435
36411
36412
36422
36462
37472
38412
38422
38462
38472
40023
40853
43438
44544
44600
47100
47809